0 1
1 0
0 2
2 0
0 3
3 0
0 4
4 0
0 5
5 0
0 6
6 0
0 7
7 0
8 9
9 8
8 2
2 8
8 10
10 8
9 2
2 9
9 10
10 9
9 11
11 9
9 12
12 9
9 13
13 9
14 15
15 14
14 16
16 14
14 17
17 14
14 12
12 14
14 18
18 14
14 19
19 14
20 21
21 20
20 2
2 20
18 22
22 18
18 23
23 18
18 24
24 18
18 25
25 18
18 26
26 18
18 27
27 18
18 28
28 18
18 29
29 18
18 11
11 18
18 30
30 18
18 12
12 18
18 31
31 18
18 19
19 18
18 32
32 18
18 33
33 18
18 5
5 18
18 10
10 18
18 34
34 18
18 3
3 18
18 35
35 18
18 36
36 18
18 37
37 18
11 12
12 11
11 13
13 11
11 5
5 11
11 38
38 11
11 3
3 11
11 15
15 11
11 39
39 11
11 17
17 11
40 41
41 40
40 42
42 40
40 43
43 40
40 44
44 40
45 46
46 45
45 47
47 45
45 48
48 45
45 49
49 45
50 51
51 50
50 10
10 50
50 52
52 50
50 53
53 50
50 54
54 50
50 55
55 50
50 56
56 50
57 54
54 57
57 10
10 57
57 53
53 57
57 58
58 57
57 59
59 57
46 47
47 46
46 60
60 46
46 48
48 46
61 62
62 61
61 63
63 61
61 64
64 61
61 65
65 61
61 2
2 61
61 66
66 61
61 67
67 61
68 15
15 68
68 69
69 68
68 64
64 68
68 17
17 68
68 10
10 68
68 70
70 68
68 71
71 68
44 42
42 44
44 43
43 44
44 72
72 44
49 47
47 49
49 48
48 49
49 73
73 49
73 47
47 73
73 48
48 73
73 74
74 73
74 75
75 74
74 76
76 74
74 43
43 74
74 47
47 74
74 48
48 74
76 75
75 76
76 43
43 76
76 77
77 76
77 75
75 77
77 43
43 77
77 78
78 77
78 75
75 78
78 43
43 78
78 79
79 78
79 75
75 79
79 43
43 79
79 41
41 79
41 75
75 41
41 43
43 41
41 42
42 41
80 2
2 80
80 81
81 80
80 5
5 80
80 82
82 80
80 3
3 80
83 2
2 83
83 84
84 83
83 5
5 83
83 85
85 83
83 3
3 83
86 2
2 86
86 87
87 86
86 5
5 86
86 88
88 86
86 3
3 86
89 90
90 89
89 6
6 89
89 7
7 89
89 2
2 89
89 91
91 89
89 3
3 89
89 5
5 89
92 93
93 92
92 6
6 92
92 7
7 92
92 3
3 92
92 5
5 92
92 94
94 92
92 2
2 92
95 5
5 95
95 96
96 95
95 3
3 95
95 97
97 95
95 2
2 95
96 98
98 96
96 66
66 96
96 5
5 96
96 3
3 96
94 64
64 94
94 62
62 94
94 99
99 94
94 2
2 94
100 2
2 100
100 101
101 100
100 91
91 100
100 102
102 100
100 97
97 100
103 104
104 103
103 15
15 103
103 17
17 103
103 66
66 103
103 105
105 103
103 10
10 103
106 107
107 106
106 2
2 106
106 108
108 106
106 71
71 106
109 110
110 109
109 111
111 109
112 113
113 112
112 6
6 112
112 7
7 112
112 15
15 112
112 104
104 112
112 17
17 112
104 15
15 104
104 17
17 104
114 93
93 114
114 115
115 114
114 116
116 114
114 66
66 114
90 116
116 90
90 66
66 90
90 6
6 90
90 7
7 90
90 3
3 90
90 5
5 90
117 118
118 117
117 119
119 117
117 2
2 117
117 120
120 117
117 121
121 117
122 123
123 122
122 2
2 122
122 5
5 122
122 124
124 122
122 3
3 122
125 126
126 125
125 2
2 125
125 102
102 125
125 5
5 125
125 127
127 125
125 3
3 125
126 2
2 126
126 102
102 126
126 128
128 126
93 6
6 93
93 7
7 93
93 3
3 93
93 5
5 93
113 6
6 113
113 7
7 113
113 2
2 113
113 129
129 113
113 101
101 113
113 102
102 113
130 2
2 130
130 131
131 130
130 5
5 130
130 132
132 130
130 3
3 130
133 5
5 133
133 134
134 133
133 3
3 133
133 2
2 133
133 135
135 133
136 2
2 136
136 137
137 136
136 5
5 136
136 138
138 136
136 3
3 136
127 5
5 127
127 3
3 127
127 102
102 127
127 66
66 127
127 139
139 127
140 141
141 140
140 2
2 140
140 5
5 140
140 3
3 140
140 142
142 140
143 2
2 143
143 144
144 143
143 145
145 143
143 146
146 143
147 2
2 147
147 148
148 147
147 149
149 147
147 150
150 147
147 151
151 147
152 153
153 152
152 15
15 152
152 17
17 152
152 154
154 152
152 155
155 152
152 31
31 152
153 15
15 153
153 17
17 153
156 154
154 156
156 155
155 156
156 31
31 156
157 158
158 157
157 66
66 157
157 159
159 157
157 160
160 157
157 161
161 157
162 22
22 162
162 66
66 162
162 2
2 162
162 163
163 162
164 165
165 164
164 66
66 164
164 15
15 164
164 166
166 164
164 167
167 164
164 17
17 164
164 10
10 164
165 66
66 165
165 168
168 165
165 15
15 165
165 17
17 165
165 10
10 165
167 15
15 167
167 166
166 167
167 17
17 167
167 10
10 167
167 169
169 167
167 170
170 167
22 66
66 22
22 2
2 22
22 23
23 22
22 24
24 22
171 15
15 171
171 64
64 171
171 172
172 171
171 17
17 171
171 10
10 171
171 169
169 171
171 173
173 171
171 174
174 171
171 175
175 171
171 176
176 171
172 15
15 172
172 64
64 172
172 17
17 172
172 10
10 172
172 177
177 172
178 179
179 178
178 5
5 178
178 3
3 178
178 2
2 178
178 180
180 178
179 5
5 179
179 3
3 179
181 2
2 181
181 182
182 181
181 10
10 181
181 183
183 181
182 2
2 182
182 10
10 182
39 5
5 39
39 184
184 39
39 3
3 39
39 7
7 39
39 6
6 39
39 34
34 39
39 17
17 39
39 15
15 39
39 185
185 39
149 2
2 149
149 148
148 149
149 150
150 149
149 151
151 149
168 15
15 168
168 17
17 168
168 10
10 168
168 176
176 168
168 2
2 168
168 186
186 168
168 64
64 168
151 2
2 151
151 150
150 151
151 187
187 151
146 2
2 146
146 145
145 146
188 189
189 188
188 190
190 188
188 31
31 188
188 15
15 188
188 191
191 188
188 192
192 188
193 194
194 193
193 10
10 193
193 59
59 193
193 195
195 193
193 196
196 193
193 56
56 193
193 197
197 193
198 2
2 198
198 101
101 198
198 91
91 198
198 102
102 198
198 199
199 198
97 2
2 97
124 5
5 124
124 3
3 124
124 102
102 124
124 101
101 124
124 139
139 124
200 119
119 200
200 123
123 200
200 120
120 200
200 102
102 200
200 201
201 200
200 202
202 200
123 119
119 123
123 120
120 123
123 2
2 123
203 204
204 203
203 6
6 203
203 205
205 203
203 2
2 203
203 7
7 203
203 206
206 203
203 207
207 203
203 208
208 203
204 6
6 204
204 205
205 204
204 2
2 204
204 7
7 204
204 209
209 204
204 206
206 204
204 208
208 204
210 211
211 210
210 6
6 210
210 205
205 210
210 2
2 210
210 7
7 210
210 206
206 210
210 212
212 210
210 208
208 210
209 212
212 209
209 6
6 209
209 205
205 209
209 2
2 209
209 7
7 209
209 206
206 209
209 208
208 209
212 6
6 212
212 205
205 212
212 2
2 212
212 7
7 212
212 206
206 212
212 208
208 212
211 6
6 211
211 205
205 211
211 2
2 211
211 7
7 211
211 213
213 211
211 66
66 211
214 215
215 214
214 62
62 214
214 216
216 214
214 217
217 214
214 5
5 214
214 3
3 214
218 98
98 218
218 66
66 218
218 199
199 218
218 5
5 218
218 3
3 218
115 116
116 115
115 66
66 115
115 2
2 115
115 219
219 115
115 67
67 115
115 220
220 115
115 69
69 115
115 221
221 115
62 64
64 62
62 99
99 62
62 186
186 62
62 3
3 62
62 5
5 62
62 67
67 62
62 2
2 62
62 6
6 62
62 7
7 62
62 184
184 62
62 222
222 62
62 223
223 62
62 224
224 62
62 225
225 62
62 226
226 62
62 227
227 62
62 66
66 62
62 228
228 62
62 229
229 62
62 158
158 62
62 1
1 62
62 166
166 62
62 230
230 62
62 63
63 62
62 231
231 62
62 232
232 62
62 215
215 62
62 216
216 62
62 98
98 62
62 233
233 62
62 91
91 62
62 234
234 62
98 66
66 98
98 64
64 98
98 233
233 98
185 2
2 185
185 235
235 185
236 15
15 236
236 10
10 236
236 2
2 236
236 192
192 236
237 238
238 237
237 239
239 237
237 240
240 237
237 241
241 237
237 15
15 237
237 242
242 237
237 17
17 237
243 2
2 243
243 244
244 243
243 10
10 243
243 155
155 243
243 245
245 243
243 246
246 243
244 2
2 244
244 10
10 244
247 23
23 247
247 248
248 247
247 66
66 247
247 102
102 247
247 6
6 247
247 249
249 247
247 7
7 247
250 251
251 250
250 2
2 250
250 252
252 250
250 10
10 250
251 2
2 251
251 6
6 251
251 7
7 251
251 253
253 251
38 5
5 38
38 3
3 38
38 23
23 38
38 116
116 38
38 63
63 38
199 2
2 199
199 5
5 199
199 3
3 199
213 254
254 213
213 255
255 213
213 31
31 213
213 66
66 213
82 5
5 82
82 3
3 82
82 102
102 82
82 101
101 82
82 256
256 82
85 5
5 85
85 3
3 85
85 102
102 85
85 101
101 85
85 257
257 85
132 5
5 132
132 3
3 132
132 102
102 132
132 101
101 132
132 258
258 132
88 5
5 88
88 3
3 88
88 102
102 88
88 259
259 88
88 101
101 88
138 5
5 138
138 3
3 138
138 102
102 138
138 101
101 138
138 260
260 138
134 5
5 134
134 3
3 134
134 102
102 134
134 101
101 134
134 261
261 134
34 5
5 34
34 10
10 34
34 3
3 34
34 17
17 34
34 15
15 34
34 36
36 34
34 37
37 34
184 64
64 184
184 222
222 184
184 5
5 184
184 3
3 184
184 7
7 184
184 6
6 184
262 15
15 262
262 253
253 262
262 17
17 262
262 235
235 262
262 263
263 262
262 10
10 262
264 2
2 264
264 66
66 264
264 265
265 264
264 67
67 264
264 266
266 264
65 267
267 65
65 2
2 65
65 66
66 65
65 67
67 65
268 2
2 268
268 269
269 268
268 270
270 268
223 64
64 223
223 224
224 223
223 66
66 223
271 272
272 271
271 2
2 271
271 273
273 271
271 170
170 271
225 121
121 225
225 2
2 225
225 3
3 225
225 5
5 225
225 226
226 225
225 64
64 225
121 2
2 121
121 3
3 121
121 5
5 121
118 119
119 118
118 2
2 118
118 120
120 118
254 255
255 254
254 31
31 254
254 274
274 254
254 116
116 254
272 205
205 272
272 275
275 272
217 28
28 217
217 5
5 217
217 3
3 217
276 6
6 276
276 277
277 276
276 7
7 276
276 10
10 276
276 15
15 276
276 166
166 276
276 17
17 276
160 159
159 160
160 161
161 160
160 278
278 160
169 279
279 169
169 280
280 169
169 31
31 169
169 170
170 169
169 173
173 169
169 174
174 169
176 15
15 176
176 2
2 176
176 186
186 176
176 17
17 176
176 64
64 176
176 10
10 176
176 175
175 176
176 173
173 176
281 282
282 281
281 15
15 281
281 192
192 281
281 10
10 281
283 2
2 283
283 70
70 283
283 173
173 283
283 23
23 283
283 284
284 283
283 285
285 283
283 286
286 283
283 287
287 283
283 67
67 283
283 288
288 283
173 285
285 173
173 6
6 173
173 7
7 173
173 15
15 173
173 64
64 173
173 17
17 173
173 10
10 173
173 289
289 173
173 2
2 173
173 70
70 173
173 23
23 173
173 287
287 173
173 67
67 173
173 288
288 173
173 174
174 173
173 175
175 173
173 290
290 173
173 291
291 173
173 292
292 173
266 6
6 266
266 196
196 266
266 7
7 266
266 2
2 266
267 6
6 267
267 56
56 267
267 7
7 267
267 2
2 267
279 280
280 279
279 31
31 279
174 2
2 174
174 293
293 174
282 15
15 282
282 192
192 282
282 10
10 282
290 291
291 290
290 292
292 290
280 294
294 280
280 163
163 280
280 31
31 280
280 15
15 280
280 26
26 280
280 192
192 280
280 142
142 280
280 295
295 280
280 53
53 280
280 2
2 280
280 186
186 280
280 296
296 280
280 64
64 280
280 59
59 280
280 297
297 280
296 2
2 296
296 186
186 296
296 64
64 296
296 31
31 296
296 15
15 296
296 70
70 296
296 17
17 296
296 175
175 296
296 10
10 296
298 299
299 298
298 2
2 298
298 64
64 298
298 300
300 298
298 301
301 298
302 303
303 302
304 300
300 304
304 6
6 304
304 7
7 304
304 305
305 304
306 307
307 306
306 2
2 306
306 7
7 306
306 66
66 306
306 308
308 306
306 6
6 306
300 2
2 300
300 301
301 300
300 6
6 300
300 7
7 300
305 6
6 305
305 7
7 305
285 15
15 285
285 64
64 285
285 190
190 285
285 17
17 285
285 10
10 285
285 6
6 285
285 7
7 285
285 284
284 285
285 286
286 285
252 28
28 252
252 2
2 252
252 235
235 252
252 10
10 252
17 15
15 17
17 66
66 17
17 105
105 17
17 10
10 17
17 54
54 17
17 192
192 17
17 64
64 17
17 190
190 17
17 289
289 17
17 299
299 17
17 48
48 17
17 166
166 17
17 219
219 17
17 309
309 17
17 310
310 17
17 154
154 17
17 311
311 17
17 312
312 17
17 246
246 17
17 2
2 17
17 67
67 17
17 313
313 17
17 314
314 17
17 315
315 17
17 316
316 17
17 317
317 17
17 318
318 17
17 197
197 17
17 284
284 17
17 319
319 17
17 320
320 17
17 321
321 17
17 322
322 17
17 323
323 17
17 195
195 17
17 286
286 17
17 324
324 17
17 325
325 17
17 253
253 17
17 177
177 17
17 16
16 17
17 29
29 17
17 32
32 17
17 235
235 17
17 116
116 17
17 326
326 17
17 183
183 17
17 327
327 17
17 187
187 17
17 245
245 17
17 186
186 17
17 69
69 17
17 70
70 17
17 71
71 17
17 328
328 17
17 297
297 17
17 102
102 17
17 329
329 17
17 330
330 17
17 331
331 17
17 332
332 17
17 139
139 17
17 110
110 17
17 333
333 17
17 334
334 17
17 335
335 17
17 336
336 17
17 175
175 17
17 230
230 17
17 337
337 17
17 338
338 17
17 339
339 17
17 26
26 17
17 242
242 17
17 340
340 17
17 341
341 17
17 342
342 17
17 13
13 17
17 30
30 17
17 343
343 17
17 55
55 17
192 15
15 192
192 10
10 192
192 102
102 192
192 180
180 192
192 248
248 192
192 31
31 192
192 344
344 192
192 101
101 192
192 54
54 192
192 191
191 192
192 299
299 192
192 48
48 192
192 2
2 192
192 293
293 192
192 67
67 192
192 345
345 192
192 166
166 192
192 186
186 192
192 346
346 192
192 64
64 192
192 347
347 192
192 348
348 192
192 26
26 192
192 29
29 192
192 32
32 192
192 327
327 192
192 183
183 192
192 349
349 192
192 170
170 192
192 350
350 192
192 297
297 192
192 53
53 192
15 10
10 15
15 102
102 15
15 180
180 15
15 248
248 15
15 31
31 15
15 344
344 15
15 101
101 15
15 66
66 15
15 105
105 15
15 54
54 15
15 64
64 15
15 190
190 15
15 289
289 15
15 191
191 15
15 299
299 15
15 48
48 15
15 2
2 15
15 345
345 15
15 166
166 15
15 186
186 15
15 346
346 15
15 219
219 15
15 309
309 15
15 310
310 15
15 154
154 15
15 311
311 15
15 312
312 15
15 246
246 15
15 67
67 15
15 313
313 15
15 347
347 15
15 348
348 15
15 314
314 15
15 315
315 15
15 316
316 15
15 317
317 15
15 318
318 15
15 197
197 15
15 284
284 15
15 319
319 15
15 320
320 15
15 321
321 15
15 322
322 15
15 323
323 15
15 195
195 15
15 286
286 15
15 324
324 15
15 325
325 15
15 253
253 15
15 26
26 15
15 177
177 15
15 16
16 15
15 29
29 15
15 32
32 15
15 235
235 15
15 116
116 15
15 326
326 15
15 183
183 15
15 187
187 15
15 245
245 15
15 69
69 15
15 70
70 15
15 71
71 15
15 328
328 15
15 297
297 15
15 329
329 15
15 330
330 15
15 331
331 15
15 332
332 15
15 139
139 15
15 110
110 15
15 350
350 15
15 292
292 15
15 206
206 15
15 333
333 15
15 334
334 15
15 335
335 15
15 336
336 15
15 175
175 15
15 230
230 15
15 337
337 15
15 338
338 15
15 119
119 15
15 339
339 15
15 351
351 15
15 242
242 15
15 340
340 15
15 341
341 15
15 342
342 15
15 13
13 15
15 30
30 15
15 343
343 15
15 55
55 15
21 2
2 21
310 154
154 310
310 352
352 310
310 2
2 310
310 311
311 310
310 240
240 310
310 246
246 310
310 43
43 310
310 353
353 310
155 154
154 155
155 31
31 155
155 245
245 155
155 246
246 155
354 154
154 354
354 245
245 354
354 31
31 354
246 314
314 246
246 245
245 246
66 116
116 66
66 205
205 66
66 231
231 66
66 275
275 66
66 227
227 66
66 228
228 66
66 5
5 66
66 229
229 66
66 3
3 66
66 105
105 66
66 10
10 66
66 2
2 66
66 355
355 66
66 332
332 66
66 67
67 66
66 313
313 66
66 7
7 66
66 308
308 66
66 6
6 66
66 186
186 66
66 64
64 66
66 295
295 66
66 343
343 66
66 119
119 66
66 330
330 66
66 120
120 66
66 356
356 66
66 357
357 66
66 201
201 66
66 158
158 66
66 358
358 66
66 359
359 66
66 360
360 66
66 23
23 66
66 248
248 66
66 102
102 66
66 265
265 66
66 91
91 66
66 361
361 66
66 139
139 66
154 43
43 154
154 353
353 154
154 245
245 154
154 31
31 154
154 186
186 154
154 30
30 154
154 64
64 154
154 10
10 154
154 67
67 154
102 101
101 102
102 261
261 102
102 259
259 102
102 180
180 102
102 248
248 102
102 31
31 102
102 129
129 102
102 260
260 102
102 258
258 102
102 256
256 102
102 257
257 102
102 344
344 102
102 228
228 102
102 202
202 102
102 111
111 102
102 48
48 102
102 10
10 102
102 299
299 102
102 362
362 102
102 2
2 102
102 230
230 102
102 363
363 102
102 364
364 102
102 365
365 102
102 329
329 102
102 330
330 102
102 201
201 102
102 139
139 102
102 91
91 102
102 360
360 102
102 23
23 102
102 366
366 102
102 367
367 102
102 368
368 102
102 5
5 102
102 3
3 102
102 361
361 102
102 369
369 102
207 206
206 207
207 208
208 207
28 2
2 28
28 235
235 28
28 10
10 28
28 5
5 28
28 3
3 28
28 29
29 28
28 25
25 28
28 27
27 28
32 29
29 32
32 33
33 32
32 35
35 32
29 25
25 29
29 27
27 29
29 183
183 29
29 370
370 29
29 2
2 29
29 67
67 29
307 2
2 307
307 183
183 307
307 7
7 307
307 6
6 307
370 2
2 370
370 67
67 370
370 334
334 370
370 344
344 370
326 183
183 326
326 2
2 326
326 371
371 326
326 16
16 326
372 30
30 372
372 13
13 372
372 12
12 372
372 31
31 372
183 7
7 183
183 6
6 183
183 327
327 183
215 216
216 215
108 373
373 108
108 374
374 108
108 116
116 108
108 2
2 108
108 71
71 108
26 25
25 26
26 27
27 26
26 308
308 26
26 339
339 26
308 27
27 308
308 7
7 308
308 6
6 308
25 27
27 25
226 64
64 226
226 364
364 226
226 116
116 226
249 119
119 249
249 120
120 249
249 367
367 249
249 6
6 249
249 7
7 249
119 248
248 119
119 120
120 119
119 137
137 119
119 260
260 119
119 135
135 119
119 261
261 119
119 131
131 119
119 258
258 119
119 81
81 119
119 256
256 119
119 87
87 119
119 259
259 119
119 84
84 119
119 257
257 119
119 356
356 119
119 2
2 119
119 362
362 119
119 170
170 119
119 245
245 119
119 33
33 119
119 330
330 119
119 338
338 119
119 31
31 119
119 367
367 119
119 369
369 119
119 128
128 119
120 248
248 120
120 137
137 120
120 260
260 120
120 135
135 120
120 261
261 120
120 131
131 120
120 258
258 120
120 81
81 120
120 256
256 120
120 87
87 120
120 259
259 120
120 84
84 120
120 257
257 120
120 356
356 120
120 2
2 120
120 362
362 120
120 170
170 120
120 245
245 120
120 33
33 120
120 330
330 120
120 367
367 120
120 369
369 120
120 128
128 120
338 337
337 338
338 31
31 338
48 10
10 48
48 111
111 48
48 299
299 48
48 362
362 48
48 47
47 48
48 60
60 48
48 344
344 48
48 101
101 48
48 297
297 48
48 293
293 48
48 166
166 48
48 349
349 48
48 2
2 48
48 375
375 48
48 31
31 48
376 377
377 376
376 6
6 376
376 378
378 376
376 7
7 376
379 6
6 379
379 380
380 379
379 7
7 379
379 381
381 379
381 47
47 381
381 2
2 381
378 6
6 378
378 7
7 378
380 6
6 380
380 7
7 380
47 60
60 47
47 2
2 47
297 2
2 297
297 382
382 297
297 6
6 297
297 293
293 297
297 7
7 297
297 67
67 297
297 186
186 297
297 350
350 297
297 64
64 297
297 31
31 297
297 59
59 297
299 10
10 299
299 111
111 299
299 362
362 299
299 344
344 299
299 101
101 299
299 382
382 299
299 2
2 299
299 64
64 299
299 383
383 299
299 293
293 299
299 166
166 299
299 349
349 299
331 332
332 331
331 2
2 331
331 10
10 331
331 384
384 331
331 385
385 331
331 205
205 331
331 386
386 331
2 84
84 2
2 81
81 2
2 87
87 2
2 5
5 2
2 3
3 2
2 180
180 2
2 131
131 2
2 137
137 2
2 135
135 2
2 356
356 2
2 387
387 2
2 67
67 2
2 64
64 2
2 6
6 2
2 7
7 2
2 222
222 2
2 23
23 2
2 10
10 2
2 224
224 2
2 362
362 2
2 273
273 2
2 170
170 2
2 388
388 2
2 389
389 2
2 390
390 2
2 344
344 2
2 365
365 2
2 101
101 2
2 230
230 2
2 363
363 2
2 391
391 2
2 229
229 2
2 129
129 2
2 332
332 2
2 54
54 2
2 51
51 2
2 53
53 2
2 339
339 2
2 392
392 2
2 293
293 2
2 345
345 2
2 1
1 2
2 393
393 2
2 158
158 2
2 394
394 2
2 205
205 2
2 395
395 2
2 396
396 2
2 346
346 2
2 166
166 2
2 309
309 2
2 221
221 2
2 70
70 2
2 397
397 2
2 245
245 2
2 398
398 2
2 187
187 2
2 352
352 2
2 311
311 2
2 240
240 2
2 382
382 2
2 399
399 2
2 400
400 2
2 401
401 2
2 402
402 2
2 351
351 2
2 313
313 2
2 403
403 2
2 116
116 2
2 404
404 2
2 405
405 2
2 56
56 2
2 69
69 2
2 406
406 2
2 314
314 2
2 55
55 2
2 407
407 2
2 408
408 2
2 318
318 2
2 284
284 2
2 409
409 2
2 197
197 2
2 410
410 2
2 377
377 2
2 325
325 2
2 31
31 2
2 235
235 2
2 12
12 2
2 411
411 2
2 186
186 2
2 141
141 2
2 301
301 2
2 383
383 2
2 412
412 2
2 413
413 2
2 58
58 2
2 59
59 2
2 385
385 2
2 71
71 2
2 414
414 2
2 219
219 2
2 291
291 2
2 220
220 2
2 269
269 2
2 270
270 2
2 349
349 2
2 350
350 2
2 52
52 2
2 364
364 2
2 371
371 2
2 16
16 2
2 292
292 2
2 206
206 2
2 415
415 2
2 416
416 2
2 417
417 2
2 418
418 2
2 419
419 2
2 420
420 2
2 421
421 2
2 422
422 2
2 334
334 2
2 91
91 2
2 241
241 2
2 238
238 2
2 423
423 2
2 424
424 2
2 375
375 2
2 208
208 2
2 425
425 2
2 426
426 2
2 148
148 2
2 150
150 2
2 144
144 2
2 145
145 2
2 265
265 2
2 427
427 2
2 428
428 2
2 13
13 2
2 429
429 2
2 324
324 2
2 430
430 2
2 128
128 2
2 431
431 2
2 432
432 2
385 205
205 385
385 336
336 385
385 433
433 385
385 71
71 385
385 414
414 385
385 424
424 385
385 364
364 385
385 425
425 385
385 426
426 385
385 70
70 385
385 384
384 385
293 67
67 293
293 6
6 293
293 7
7 293
293 166
166 293
293 349
349 293
293 10
10 293
293 5
5 293
293 3
3 293
293 350
350 293
434 373
373 434
434 374
374 434
434 116
116 434
265 67
67 265
387 5
5 387
387 3
3 387
387 129
129 387
387 356
356 387
435 390
390 435
435 70
70 435
63 64
64 63
63 364
364 63
63 70
70 63
63 116
116 63
63 23
23 63
63 99
99 63
63 357
357 63
63 234
234 63
63 91
91 63
416 415
415 416
416 417
417 416
393 158
158 393
393 394
394 393
393 348
348 393
393 170
170 393
348 166
166 348
348 347
347 348
348 31
31 348
348 170
170 348
346 166
166 346
346 67
67 346
346 186
186 346
346 64
64 346
346 31
31 346
166 67
67 166
166 64
64 166
166 230
230 166
166 186
186 166
166 31
31 166
166 347
347 166
166 313
313 166
166 141
141 166
166 10
10 166
166 170
170 166
166 349
349 166
277 6
6 277
277 7
7 277
277 10
10 277
277 219
219 277
277 3
3 277
277 5
5 277
347 158
158 347
347 313
313 347
347 10
10 347
347 31
31 347
220 291
291 220
220 23
23 220
220 69
69 220
220 67
67 220
69 67
67 69
69 406
406 69
69 404
404 69
69 116
116 69
69 64
64 69
69 10
10 69
69 366
366 69
69 344
344 69
69 23
23 69
403 67
67 403
403 116
116 403
403 404
404 403
427 24
24 427
427 205
205 427
427 31
31 427
427 64
64 427
427 428
428 427
64 99
99 64
64 186
186 64
64 3
3 64
64 5
5 64
64 67
67 64
64 6
6 64
64 7
7 64
64 222
222 64
64 224
224 64
64 190
190 64
64 10
10 64
64 289
289 64
64 158
158 64
64 1
1 64
64 230
230 64
64 31
31 64
64 274
274 64
64 294
294 64
64 116
116 64
64 231
231 64
64 232
232 64
64 177
177 64
64 313
313 64
64 436
436 64
64 437
437 64
64 328
328 64
64 383
383 64
64 350
350 64
64 233
233 64
64 91
91 64
64 234
234 64
64 428
428 64
64 30
30 64
328 6
6 328
328 1
1 328
328 7
7 328
328 10
10 328
1 158
158 1
1 5
5 1
1 3
3 1
1 6
6 1
1 7
7 1
1 10
10 1
186 3
3 186
186 5
5 186
186 31
31 186
186 274
274 186
186 294
294 186
186 116
116 186
186 313
313 186
186 10
10 186
186 67
67 186
186 350
350 186
186 30
30 186
438 67
67 438
438 269
269 438
291 23
23 291
291 208
208 291
291 54
54 291
291 292
292 291
219 6
6 219
219 7
7 219
219 3
3 219
219 5
5 219
219 309
309 219
219 67
67 219
99 116
116 99
99 357
357 99
365 170
170 365
365 5
5 365
365 3
3 365
365 230
230 365
365 101
101 365
365 364
364 365
292 206
206 292
292 10
10 292
292 31
31 292
158 394
394 158
158 313
313 158
158 10
10 158
4 3
3 4
4 5
5 4
4 6
6 4
4 7
7 4
4 303
303 4
417 415
415 417
23 222
222 23
23 10
10 23
23 70
70 23
23 24
24 23
23 116
116 23
23 101
101 23
23 366
366 23
23 248
248 23
23 67
67 23
23 406
406 23
221 309
309 221
221 10
10 221
221 390
390 221
221 70
70 221
221 67
67 221
24 205
205 24
24 31
31 24
232 231
231 232
234 91
91 234
234 116
116 234
278 159
159 278
278 161
161 278
425 205
205 425
425 426
426 425
425 70
70 425
5 3
3 5
5 180
180 5
5 129
129 5
5 67
67 5
5 224
224 5
5 362
362 5
5 230
230 5
5 229
229 5
5 355
355 5
5 231
231 5
5 390
390 5
5 344
344 5
5 439
439 5
5 12
12 5
5 411
411 5
5 424
424 5
5 364
364 5
5 10
10 5
5 245
245 5
5 33
33 5
5 142
142 5
5 350
350 5
5 139
139 5
3 180
180 3
3 129
129 3
3 67
67 3
3 224
224 3
3 362
362 3
3 230
230 3
3 229
229 3
3 355
355 3
3 231
231 3
3 390
390 3
3 344
344 3
3 439
439 3
3 12
12 3
3 411
411 3
3 424
424 3
3 364
364 3
3 10
10 3
3 245
245 3
3 33
33 3
3 142
142 3
3 350
350 3
3 139
139 3
7 6
6 7
7 67
67 7
7 224
224 7
7 362
362 7
7 390
390 7
7 344
344 7
7 10
10 7
7 205
205 7
7 253
253 7
7 245
245 7
7 33
33 7
7 229
229 7
7 196
196 7
7 56
56 7
6 67
67 6
6 224
224 6
6 362
362 6
6 390
390 6
6 344
344 6
6 10
10 6
6 205
205 6
6 253
253 6
6 245
245 6
6 33
33 6
6 229
229 6
6 196
196 6
6 56
56 6
67 54
54 67
67 51
51 67
67 392
392 67
67 344
344 67
67 274
274 67
67 294
294 67
67 116
116 67
67 313
313 67
67 10
10 67
67 404
404 67
67 405
405 67
67 56
56 67
67 406
406 67
67 314
314 67
67 55
55 67
67 407
407 67
67 408
408 67
67 318
318 67
67 284
284 67
67 409
409 67
67 197
197 67
67 170
170 67
67 436
436 67
67 437
437 67
67 287
287 67
67 288
288 67
67 269
269 67
67 30
30 67
205 275
275 205
205 231
231 205
205 395
395 205
205 396
396 205
205 336
336 205
205 433
433 205
205 424
424 205
205 364
364 205
205 426
426 205
205 70
70 205
205 384
384 205
205 31
31 205
340 341
341 340
340 342
342 340
342 195
195 342
13 440
440 13
13 441
441 13
13 60
60 13
13 30
30 13
13 12
12 13
13 31
31 13
13 442
442 13
13 443
443 13
13 429
429 13
13 324
324 13
13 430
430 13
13 238
238 13
13 240
240 13
13 352
352 13
13 343
343 13
411 444
444 411
411 12
12 411
440 353
353 440
440 343
343 440
440 441
441 440
440 60
60 440
19 12
12 19
12 30
30 12
12 31
31 12
12 442
442 12
12 443
443 12
343 353
353 343
343 441
441 343
343 295
295 343
343 55
55 343
30 31
31 30
30 10
10 30
350 31
31 350
350 431
431 350
350 432
432 350
432 431
431 432
175 70
70 175
175 10
10 175
60 441
441 60
163 294
294 163
163 31
31 163
421 418
418 421
421 422
422 421
419 418
418 419
419 420
420 419
420 418
418 420
422 418
418 422
400 399
399 400
400 401
401 400
441 353
353 441
333 334
334 333
334 344
344 334
141 313
313 141
141 10
10 141
437 436
436 437
368 248
248 368
368 367
367 368
358 359
359 358
263 235
235 263
263 10
10 263
263 274
274 263
366 101
101 366
366 406
406 366
366 344
344 366
222 10
10 222
201 357
357 201
201 227
227 201
201 202
202 201
360 227
227 360
360 116
116 360
360 101
101 360
360 202
202 360
208 206
206 208
208 54
54 208
206 10
10 206
206 31
31 206
159 161
161 159
287 288
288 287
361 91
91 361
361 227
227 361
361 202
202 361
361 369
369 361
228 202
202 228
228 111
111 228
228 227
227 228
255 31
31 255
391 363
363 391
391 229
229 391
259 84
84 259
259 101
101 259
189 190
190 189
189 31
31 189
231 275
275 231
231 355
355 231
389 388
388 389
389 10
10 389
388 10
10 388
245 397
397 245
245 398
398 245
245 187
187 245
245 31
31 245
245 33
33 245
356 257
257 356
356 330
330 356
81 258
258 81
131 261
261 131
137 248
248 137
135 260
260 135
87 256
256 87
390 344
344 390
390 70
70 390
390 439
439 390
392 344
344 392
344 101
101 344
344 31
31 344
344 10
10 344
344 406
406 344
273 170
170 273
129 101
101 129
101 261
261 101
101 260
260 101
101 258
258 101
101 256
256 101
101 257
257 101
101 31
31 101
101 230
230 101
101 363
363 101
101 364
364 101
101 10
10 101
101 139
139 101
101 91
91 101
101 202
202 101
53 54
54 53
53 10
10 53
53 339
339 53
53 31
31 53
54 51
51 54
54 10
10 54
54 339
339 54
239 238
238 239
239 240
240 239
239 241
241 239
349 170
170 349
349 10
10 349
242 351
351 242
242 31
31 242
294 274
274 294
294 116
116 294
294 31
31 294
395 396
396 395
332 139
139 332
332 110
110 332
332 10
10 332
332 116
116 332
332 230
230 332
397 398
398 397
382 10
10 382
313 10
10 313
150 148
148 150
150 187
187 150
401 399
399 401
399 402
402 399
399 351
351 399
402 351
351 402
274 116
116 274
274 355
355 274
274 10
10 274
363 230
230 363
314 55
55 314
405 56
56 405
315 316
316 315
315 317
317 315
311 352
352 311
311 240
240 311
311 312
312 311
311 318
318 311
318 284
284 318
319 320
320 319
319 321
321 319
322 323
323 322
322 286
286 322
377 410
410 377
286 195
195 286
286 284
284 286
324 325
325 324
324 284
284 324
324 429
429 324
324 430
430 324
324 238
238 324
324 240
240 324
324 352
352 324
284 197
197 284
284 325
325 284
284 31
31 284
325 31
31 325
407 408
408 407
409 197
197 409
194 10
10 194
194 59
59 194
197 56
56 197
197 10
10 197
202 111
111 202
202 369
369 202
413 412
412 413
413 10
10 413
413 191
191 413
413 445
445 413
412 383
383 412
412 31
31 412
412 10
10 412
383 31
31 383
191 445
445 191
190 10
10 190
190 31
31 190
446 105
105 446
446 447
447 446
446 31
31 446
43 353
353 43
43 42
42 43
43 72
72 43
43 75
75 43
42 72
72 42
448 31
31 448
145 144
144 145
36 10
10 36
36 37
37 36
373 374
374 373
373 116
116 373
374 116
116 374
426 70
70 426
177 10
10 177
170 362
362 170
447 105
105 447
447 31
31 447
449 105
105 449
449 450
450 449
329 330
330 329
329 10
10 329
429 430
430 429
330 10
10 330
71 70
70 71
71 10
10 71
71 414
414 71
107 451
451 107
187 398
398 187
70 364
364 70
70 116
116 70
70 10
10 70
452 443
443 452
442 443
443 442
424 364
364 424
424 423
423 424
424 10
10 424
364 116
116 364
364 229
229 364
364 362
362 364
59 10
10 59
59 58
58 59
59 339
339 59
59 31
31 59
58 339
339 58
58 10
10 58
52 51
51 52
52 10
10 52
52 339
339 52
51 10
10 51
51 339
339 51
369 128
128 369
229 362
362 229
105 10
10 105
105 31
31 105
105 450
450 105
357 116
116 357
357 227
227 357
91 116
116 91
91 227
227 91
371 16
16 371
227 116
116 227
110 139
139 110
110 10
10 110
142 295
295 142
142 31
31 142
295 31
31 295
10 111
111 10
10 362
362 10
10 289
289 10
10 309
309 10
10 55
55 10
10 56
56 10
10 235
235 10
10 37
37 10
10 139
139 10
10 31
31 10
10 423
423 10
10 116
116 10
10 230
230 10
10 195
195 10
10 196
196 10
230 116
116 230
240 352
352 240
240 238
238 240
240 241
241 240
240 406
406 240
180 248
248 180
180 31
31 180
248 31
31 248
248 367
367 248
235 116
116 235
375 31
31 375
433 336
336 433
335 336
336 335
31 351
351 31
116 404
404 116
116 406
406 116
362 224
224 362
362 111
111 362
406 404
404 406
406 241
241 406
406 238
238 406
241 238
238 241
195 196
196 195
56 55
55 56
