0 1
0 2
0 3
0 4
0 5
0 6
7 8
7 9
7 4
7 10
7 11
12 13
12 14
12 15
12 16
12 17
12 18
19 20
19 21
19 22
19 23
19 24
25 26
25 27
25 28
25 29
25 30
25 31
25 32
33 14
33 15
33 34
33 22
20 35
20 36
20 37
20 22
20 24
1 38
1 39
1 9
1 40
1 10
1 41
42 12
42 43
42 44
42 35
42 14
42 45
42 46
42 10
47 25
47 28
47 30
47 48
47 49
47 50
47 51
8 39
8 52
8 9
8 2
26 25
26 15
26 53
26 45
26 54
26 24
55 13
55 17
55 56
55 57
58 12
58 14
58 59
58 3
58 60
61 25
61 14
61 62
61 63
64 12
64 14
64 17
64 10
65 8
65 39
65 66
65 11
67 52
67 56
67 40
67 68
67 69
70 39
70 53
70 27
70 71
70 72
13 14
13 16
13 17
13 73
13 74
43 47
43 35
43 45
43 75
43 63
44 35
44 46
44 62
44 9
44 76
44 75
35 44
35 77
35 62
35 75
35 78
79 44
79 14
79 22
79 74
80 81
80 14
80 62
80 76
80 23
81 8
81 82
81 45
81 83
81 84
77 85
77 75
77 37
77 86
77 87
88 8
88 39
88 49
88 4
88 74
88 10
88 89
14 12
14 15
14 17
14 53
14 73
14 22
14 11
38 77
38 4
38 10
38 11
38 23
15 14
15 16
15 18
15 62
82 14
82 9
82 90
82 41
21 12
21 19
21 14
21 15
21 16
21 91
21 3
21 22
92 44
92 31
92 68
92 10
92 23
92 24
16 12
16 15
16 18
16 83
16 73
16 63
39 8
39 14
39 93
39 22
39 72
39 11
17 55
17 13
17 14
17 73
94 19
94 20
94 24
95 14
95 15
95 53
96 18
96 73
96 11
53 14
53 39
53 73
53 9
53 22
45 83
45 59
45 86
45 54
34 17
34 73
34 91
34 97
34 32
18 12
18 35
18 15
18 16
18 96
18 62
18 11
83 45
83 98
83 72
83 86
73 12
73 13
73 17
73 34
73 99
73 41
100 13
100 73
100 2
100 56
100 86
100 101
66 65
66 88
66 102
66 9
66 97
66 11
66 41
52 77
52 88
52 83
52 62
52 28
102 40
102 74
102 97
102 41
46 12
46 35
46 15
46 16
46 96
46 11
46 63
27 43
27 17
27 30
27 99
27 10
27 11
93 39
93 9
93 40
93 10
93 54
93 101
62 15
62 18
62 28
62 50
62 74
62 51
9 8
9 88
9 53
9 90
28 33
28 14
28 15
28 103
28 104
28 56
28 105
28 22
59 58
59 14
59 15
59 73
59 30
59 32
2 8
2 100
2 66
2 40
2 10
2 41
106 83
106 107
106 91
106 86
29 12
29 26
29 83
29 99
29 98
29 54
30 47
30 108
30 48
30 40
30 5
85 12
85 77
85 17
85 62
85 105
85 37
85 54
109 1
109 57
109 41
107 73
107 9
107 106
107 91
107 11
31 46
31 27
31 91
31 3
31 5
76 80
76 88
76 9
76 74
108 25
108 34
108 30
108 40
108 3
108 68
108 32
108 5
103 28
103 29
103 3
103 50
103 57
91 12
91 15
91 34
91 106
91 107
91 23
110 22
111 19
111 92
111 2
111 24
111 101
104 53
104 34
104 86
112 92
112 28
112 59
113 59
113 50
114 14
114 53
114 22
84 8
84 77
84 39
84 4
75 44
75 35
75 77
71 0
71 44
71 77
71 66
71 102
71 41
48 47
48 67
48 14
48 15
48 102
48 30
36 14
36 39
36 53
36 22
36 24
99 96
99 34
99 73
99 30
99 48
99 11
56 13
56 73
56 100
56 28
40 1
40 8
40 67
40 30
40 68
98 83
98 72
98 54
115 47
115 73
115 3
115 51
78 35
78 96
78 46
78 68
78 10
3 45
3 73
3 31
3 5
50 13
4 8
4 65
4 44
4 84
4 3
4 68
4 90
4 5
105 35
105 96
105 73
37 77
37 100
37 9
37 76
37 4
37 68
37 57
68 8
68 39
68 100
68 110
68 97
68 11
22 39
22 62
22 110
22 50
22 101
74 79
74 88
74 39
74 18
74 62
74 11
72 70
72 39
72 53
72 71
72 50
72 68
72 11
97 96
97 93
97 110
97 24
97 90
10 8
10 14
10 39
10 11
32 33
32 14
32 34
32 27
32 22
11 27
11 99
11 74
11 10
86 83
86 73
86 100
86 68
86 10
86 60
54 45
54 83
54 31
54 91
54 98
54 3
54 86
23 80
23 38
23 34
23 31
23 74
23 89
57 109
57 98
57 90
57 41
57 87
69 8
69 67
69 9
69 40
24 19
24 110
24 40
24 22
116 19
116 20
116 94
116 24
101 39
101 93
101 9
101 6
90 82
90 93
90 2
117 118
117 119
117 120
117 121
122 123
122 124
122 119
122 125
118 126
118 124
118 127
118 128
118 125
123 122
123 124
123 125
126 118
126 124
126 129
126 130
126 120
126 128
126 131
126 132
124 118
124 126
124 133
124 120
124 131
134 135
134 136
134 120
135 126
135 119
135 120
135 137
135 138
135 125
129 139
129 140
129 137
119 117
119 126
119 135
119 120
119 131
136 117
136 126
136 141
136 142
136 121
136 125
139 129
139 143
139 120
139 137
144 126
144 140
144 127
144 131
144 142
144 145
144 146
147 126
147 144
147 148
147 149
147 120
147 150
141 126
141 124
141 136
141 120
141 131
141 132
148 126
148 127
148 151
152 147
152 151
152 132
152 153
152 146
130 117
130 126
130 120
130 132
149 126
149 147
149 151
149 150
149 154
149 155
156 126
156 135
156 148
156 127
156 157
156 132
158 126
158 130
158 120
133 126
133 143
133 127
133 131
133 142
143 126
143 129
143 139
143 133
143 131
143 142
143 155
120 126
120 135
120 119
120 128
120 125
159 122
159 118
159 123
159 135
159 120
159 125
140 126
140 129
140 143
140 137
140 128
140 132
137 129
137 139
137 143
137 120
137 140
137 127
137 128
127 126
127 120
127 140
127 128
127 131
127 132
127 145
160 126
160 124
160 119
160 120
160 125
160 161
128 126
128 130
128 120
128 140
128 127
128 131
128 154
151 148
151 127
151 153
157 118
157 126
157 148
157 156
157 120
157 137
157 128
150 126
150 129
150 130
150 120
150 138
150 146
138 133
138 151
138 150
138 161
131 126
131 120
131 162
132 152
132 151
132 153
154 126
154 149
154 150
154 161
154 146
163 130
163 127
163 151
162 148
162 120
162 127
162 131
162 145
164 158
164 127
164 161
142 160
142 150
155 126
155 127
155 131
155 132
145 144
145 127
161 126
161 120
161 125
165 166
165 167
165 168
165 169
165 170
165 171
165 172
173 174
173 166
173 170
173 175
173 176
177 166
177 178
177 179
177 180
181 182
181 183
181 184
181 185
181 186
181 187
181 188
174 173
174 189
174 170
174 182
174 175
174 190
191 166
191 169
191 192
191 182
191 193
191 194
191 190
191 188
195 167
195 170
195 196
195 193
195 197
195 198
195 176
166 177
166 167
166 170
166 193
167 166
167 178
167 184
167 196
167 193
167 197
167 199
168 165
168 169
168 171
168 196
168 172
200 191
200 193
200 199
200 186
189 166
189 196
189 193
189 175
169 165
169 168
169 192
169 201
169 184
169 186
169 187
169 188
192 184
192 185
192 187
192 194
192 190
170 165
170 166
170 193
170 198
201 192
201 182
201 183
201 184
201 197
201 194
201 190
201 188
202 167
202 178
202 196
202 193
202 197
182 191
182 183
182 185
182 203
182 194
182 190
178 167
178 196
178 193
178 199
178 187
183 192
183 182
183 185
183 187
183 194
184 181
184 192
184 185
184 186
184 194
184 190
171 165
171 168
171 170
171 197
171 199
196 167
196 170
196 193
196 176
196 186
196 194
193 167
193 170
193 197
193 199
193 186
175 189
175 176
185 192
185 183
185 175
185 197
185 186
185 194
197 191
197 195
197 167
197 201
197 193
197 175
197 185
179 180
204 196
204 193
204 197
199 167
199 200
199 198
199 186
203 166
203 169
203 182
203 183
203 184
172 165
172 168
172 169
172 196
172 187
205 191
205 176
198 170
198 193
198 186
206 207
206 208
206 209
206 210
206 211
206 212
213 208
213 214
213 209
213 215
213 212
216 208
216 217
216 218
216 219
216 220
216 221
222 207
222 209
222 219
222 220
222 210
222 223
222 212
207 208
207 224
207 209
207 215
208 216
208 207
208 225
208 220
208 210
208 212
225 216
225 207
225 208
225 218
225 219
225 220
225 223
226 207
226 227
226 209
226 223
226 215
226 228
229 230
229 215
229 231
229 212
232 209
232 219
232 215
232 233
232 228
232 212
232 234
214 225
214 235
214 230
214 212
214 236
235 214
235 230
235 231
235 236
217 216
217 208
217 214
217 220
217 212
217 221
227 216
227 207
227 208
227 218
227 209
227 219
227 210
227 215
224 216
224 207
224 208
224 227
224 209
224 219
224 215
237 214
237 230
237 231
237 236
238 231
238 236
230 207
230 232
230 214
230 237
230 231
230 234
230 236
218 225
218 227
218 209
218 219
218 220
218 223
209 207
209 208
209 226
209 219
209 220
209 210
219 216
219 207
219 208
219 225
219 209
219 220
219 215
220 207
220 227
220 224
220 218
220 219
210 216
210 222
210 207
210 208
210 209
210 239
210 215
210 233
210 231
223 222
223 225
223 218
223 219
223 220
239 218
239 233
239 212
239 234
215 222
215 207
215 232
215 224
215 209
233 218
233 239
233 212
228 207
228 208
228 226
228 230
228 219
228 240
231 235
231 230
231 219
231 236
212 208
212 239
212 233
212 228
234 225
234 218
234 239
234 215
234 212
234 240
