0 1
0 2
0 3
0 4
0 5
0 6
0 71
1 38
1 39
1 40
1 9
1 10
1 109
1 41
2 66
2 100
2 40
2 41
2 10
2 111
2 8
2 90
3 4
3 5
3 103
3 73
3 108
3 45
3 115
3 21
3 54
3 58
3 31
4 65
4 68
4 5
4 38
4 7
4 8
4 44
4 84
4 88
4 90
4 37
5 108
5 30
5 31
6 101
7 8
7 9
7 10
7 11
8 84
8 65
8 69
8 40
8 9
8 10
8 39
8 81
8 52
8 88
8 68
9 66
9 37
9 76
9 107
9 44
9 82
9 53
9 88
9 90
9 101
9 93
9 69
10 64
10 38
10 42
10 11
10 78
10 14
10 86
10 88
10 39
10 27
10 92
10 93
11 96
11 65
11 66
11 99
11 68
11 38
11 72
11 107
11 14
11 18
11 46
11 39
11 27
11 74
12 64
12 73
12 42
12 13
12 46
12 15
12 16
12 17
12 18
12 14
12 85
12 58
12 91
12 29
12 21
13 100
13 73
13 74
13 14
13 16
13 17
13 50
13 55
13 56
14 15
14 17
14 21
14 22
14 28
14 32
14 33
14 36
14 39
14 42
14 48
14 53
14 58
14 59
14 61
14 64
14 73
14 79
14 80
14 82
14 95
14 114
15 33
15 59
15 16
15 28
15 46
15 48
15 18
15 26
15 91
15 21
15 62
15 95
16 73
16 46
16 18
16 83
16 21
16 63
17 64
17 34
17 73
17 85
17 55
17 27
18 96
18 35
18 74
18 62
19 111
19 20
19 21
19 22
19 23
19 24
19 116
19 94
20 35
20 36
20 37
20 116
20 22
20 24
20 94
21 22
21 91
22 32
22 33
22 110
22 36
22 101
22 39
22 114
22 79
22 50
22 24
22 28
22 62
22 53
23 34
23 38
23 74
23 80
23 89
23 91
23 92
23 31
24 97
24 36
24 40
24 110
24 111
24 116
24 26
24 92
24 94
25 32
25 108
25 47
25 29
25 26
25 27
25 28
25 61
25 30
25 31
26 45
26 53
26 54
26 29
27 32
27 99
27 70
27 43
27 30
27 31
28 33
28 103
28 104
28 105
28 112
28 52
28 56
28 47
28 62
29 98
29 99
29 103
29 83
29 54
30 99
30 40
30 108
30 47
30 48
30 59
31 46
31 91
31 54
31 92
32 33
32 34
32 59
32 108
33 34
34 99
34 97
34 104
34 73
34 108
34 91
35 43
35 105
35 42
35 75
35 44
35 77
35 78
35 46
35 62
36 39
36 53
37 68
37 76
37 77
37 85
37 57
37 100
38 77
39 101
39 70
39 65
39 93
39 72
39 84
39 53
39 88
39 68
39 74
40 67
40 68
40 69
40 102
40 108
40 93
41 102
41 71
41 73
41 66
41 109
41 82
41 57
42 43
42 44
42 45
42 46
43 75
43 45
43 47
43 63
44 71
44 75
44 76
44 46
44 79
44 92
44 62
45 54
45 81
45 83
45 86
45 59
46 96
46 78
46 63
47 115
47 48
47 49
47 50
47 51
48 67
48 102
48 99
49 88
50 103
50 72
50 113
50 62
51 115
51 62
52 67
52 77
52 83
52 88
52 62
53 70
53 104
53 72
53 114
53 73
53 95
54 98
54 93
54 83
54 85
54 86
54 91
55 56
55 57
56 67
56 100
56 73
57 98
57 103
57 87
57 109
57 90
58 60
58 59
59 73
59 112
59 113
60 86
61 62
61 63
62 74
62 80
62 85
65 66
66 97
66 102
66 71
66 88
67 68
67 69
68 97
68 108
68 78
68 110
68 86
68 72
68 100
68 92
70 72
70 71
71 102
71 72
71 77
72 98
72 83
73 96
73 100
73 86
73 107
73 99
73 115
73 105
74 102
74 76
74 79
74 88
75 77
76 80
76 88
77 85
77 86
77 87
77 84
78 96
80 81
81 82
81 83
81 84
82 90
83 98
83 86
83 106
85 105
86 104
86 100
86 106
88 89
90 97
90 93
91 106
91 107
92 111
92 112
93 97
93 101
94 116
96 97
96 99
96 105
97 102
97 110
100 101
101 111
106 107
117 130
117 136
117 118
117 119
117 120
117 121
118 128
118 125
118 127
118 124
118 157
118 126
118 159
119 160
119 131
119 135
119 120
119 122
119 126
120 128
120 130
120 131
120 134
120 135
120 137
120 139
120 141
120 147
120 150
120 157
120 158
120 159
120 160
120 161
120 162
120 124
120 125
120 126
120 127
121 136
122 123
122 159
122 124
122 125
123 124
123 125
123 159
124 160
124 131
124 133
124 141
124 126
125 160
125 161
125 135
125 136
125 159
126 128
126 129
126 130
126 131
126 132
126 133
126 135
126 136
126 140
126 141
126 143
126 144
126 147
126 148
126 149
126 150
126 154
126 155
126 156
126 157
126 158
126 160
126 161
126 127
127 128
127 162
127 163
127 132
127 133
127 137
127 140
127 144
127 145
127 131
127 148
127 151
127 164
127 155
127 156
128 130
128 131
128 137
128 140
128 154
128 157
129 137
129 139
129 140
129 143
129 150
130 163
130 132
130 158
130 150
131 162
131 133
131 141
131 143
131 144
131 155
132 140
132 141
132 151
132 152
132 153
132 155
132 156
133 138
133 142
133 143
134 136
134 135
135 137
135 138
135 156
135 159
136 141
136 142
137 139
137 140
137 143
137 157
138 161
138 151
138 150
139 143
140 143
140 144
142 160
142 143
142 144
142 150
143 155
144 145
144 146
144 147
145 162
146 152
146 154
146 150
147 152
147 148
147 149
147 150
148 162
148 151
148 156
148 157
149 150
149 151
149 154
149 155
150 154
151 163
151 152
151 153
152 153
154 161
156 157
158 164
160 161
161 164
165 166
165 167
165 168
165 169
165 170
165 171
165 172
166 193
166 167
166 170
166 203
166 173
166 177
166 189
166 191
167 193
167 195
167 196
167 199
167 202
167 178
167 184
167 197
168 172
168 169
168 171
168 196
169 192
169 201
169 203
169 172
169 184
169 186
169 187
169 188
169 191
170 193
170 195
170 196
170 198
170 171
170 173
170 174
171 197
171 199
172 187
172 196
173 176
173 174
173 175
174 175
174 182
174 189
174 190
175 197
175 176
175 185
175 189
176 205
176 195
176 196
177 178
177 179
177 180
178 193
178 196
178 199
178 202
178 187
179 180
181 182
181 183
181 184
181 185
181 186
181 187
181 188
182 194
182 201
182 203
182 183
182 185
182 190
182 191
183 192
183 194
183 201
183 203
183 185
183 187
184 192
184 194
184 203
184 201
184 185
184 186
184 190
185 192
185 194
185 197
185 186
186 193
186 196
186 198
186 199
186 200
187 192
188 201
188 191
189 193
189 196
190 192
190 201
190 191
191 192
191 193
191 194
191 197
191 200
191 205
192 194
192 201
193 198
193 195
193 196
193 197
193 200
193 199
193 204
193 202
194 196
194 201
195 196
195 197
195 198
196 204
196 202
197 201
197 202
197 204
198 199
199 200
206 207
206 208
206 209
206 210
206 211
206 212
207 224
207 225
207 226
207 227
207 228
207 230
207 208
207 209
207 210
207 215
207 219
207 220
207 222
208 224
208 225
208 227
208 228
208 209
208 210
208 212
208 213
208 216
208 217
208 219
208 220
209 224
209 226
209 227
209 232
209 210
209 213
209 215
209 218
209 219
209 220
209 222
210 227
210 231
210 233
210 239
210 215
210 216
210 222
212 228
212 229
212 232
212 233
212 234
212 239
212 213
212 214
212 217
212 222
213 214
213 215
214 225
214 230
214 235
214 236
214 237
214 217
215 224
215 226
215 227
215 229
215 232
215 234
215 219
215 222
216 224
216 225
216 227
216 217
216 218
216 219
216 220
216 221
217 220
217 221
218 225
218 227
218 233
218 234
218 239
218 219
218 220
218 223
219 224
219 225
219 227
219 228
219 231
219 232
219 220
219 222
219 223
220 224
220 225
220 227
220 222
220 223
222 223
223 225
223 226
224 227
225 234
226 227
226 228
228 240
228 230
228 232
229 231
229 230
230 231
230 232
230 234
230 235
230 236
230 237
231 235
231 236
231 237
231 238
232 233
232 234
233 239
234 239
234 240
235 236
236 237
236 238
